# Created by Octave 4.0.0, Tue Jan 24 20:05:28 2017 EST <jeremy@jeremy-Inspiron-13-7378>
# name: wrong_index_label
# type: matrix
# rows: 540
# columns: 1
 3
 10
 12
 22
 35
 36
 37
 46
 49
 59
 60
 67
 69
 70
 77
 80
 81
 84
 90
 93
 102
 113
 134
 141
 149
 150
 172
 176
 177
 187
 201
 205
 209
 222
 228
 232
 235
 240
 244
 249
 254
 256
 258
 269
 270
 272
 279
 280
 291
 293
 294
 306
 316
 317
 318
 327
 348
 354
 355
 362
 368
 376
 379
 387
 388
 393
 395
 396
 398
 404
 405
 407
 408
 417
 430
 432
 434
 438
 441
 444
 445
 446
 447
 452
 456
 457
 461
 472
 476
 480
 486
 496
 505
 513
 520
 523
 525
 526
 529
 534
 535
 537
 554
 556
 558
 559
 564
 580
 581
 584
 589
 598
 600
 605
 618
 626
 628
 632
 649
 651
 657
 674
 681
 691
 694
 697
 704
 708
 718
 722
 726
 730
 736
 743
 744
 751
 752
 763
 771
 774
 775
 780
 793
 799
 801
 802
 813
 814
 816
 819
 823
 830
 841
 842
 848
 857
 859
 863
 880
 890
 894
 896
 902
 908
 912
 921
 923
 926
 928
 929
 931
 935
 936
 951
 952
 957
 962
 967
 975
 987
 1002
 1008
 1016
 1021
 1024
 1028
 1030
 1031
 1043
 1044
 1048
 1060
 1062
 1075
 1088
 1101
 1126
 1133
 1139
 1149
 1156
 1158
 1161
 1162
 1163
 1174
 1176
 1180
 1184
 1186
 1188
 1191
 1193
 1204
 1215
 1219
 1221
 1225
 1226
 1244
 1246
 1252
 1263
 1265
 1283
 1285
 1290
 1296
 1297
 1307
 1319
 1322
 1327
 1334
 1335
 1341
 1350
 1355
 1364
 1366
 1368
 1375
 1379
 1387
 1388
 1389
 1390
 1395
 1397
 1399
 1402
 1420
 1428
 1433
 1440
 1441
 1444
 1447
 1455
 1457
 1466
 1473
 1481
 1485
 1486
 1487
 1488
 1494
 1499
 1501
 1509
 1511
 1519
 1533
 1542
 1543
 1546
 1554
 1561
 1563
 1565
 1570
 1573
 1580
 1589
 1590
 1596
 1604
 1606
 1609
 1618
 1620
 1621
 1624
 1627
 1630
 1652
 1661
 1670
 1671
 1674
 1676
 1677
 1693
 1695
 1696
 1698
 1699
 1701
 1704
 1715
 1728
 1730
 1735
 1739
 1743
 1748
 1753
 1755
 1757
 1764
 1777
 1782
 1783
 1796
 1797
 1801
 1818
 1819
 1823
 1825
 1835
 1842
 1849
 1856
 1864
 1867
 1870
 1871
 1874
 1875
 1877
 1889
 1896
 1898
 1921
 1936
 1945
 1947
 1952
 1954
 1958
 1959
 1961
 1963
 1967
 1968
 1969
 1986
 1991
 2003
 2012
 2020
 2021
 2029
 2032
 2043
 2044
 2065
 2068
 2077
 2078
 2080
 2083
 2084
 2091
 2093
 2094
 2096
 2101
 2102
 2109
 2112
 2114
 2123
 2136
 2155
 2178
 2179
 2184
 2186
 2199
 2201
 2206
 2209
 2216
 2218
 2232
 2235
 2238
 2242
 2247
 2249
 2252
 2257
 2258
 2267
 2271
 2277
 2296
 2297
 2303
 2305
 2310
 2312
 2313
 2319
 2322
 2323
 2326
 2331
 2335
 2340
 2342
 2343
 2347
 2363
 2368
 2369
 2373
 2374
 2385
 2388
 2389
 2396
 2397
 2403
 2405
 2408
 2415
 2416
 2420
 2424
 2428
 2435
 2441
 2451
 2455
 2460
 2464
 2468
 2471
 2472
 2481
 2484
 2487
 2490
 2493
 2494
 2514
 2515
 2516
 2518
 2536
 2543
 2546
 2547
 2554
 2555
 2558
 2559
 2560
 2562
 2566
 2599
 2606
 2607
 2619
 2624
 2627
 2639
 2664
 2665
 2667
 2695
 2710
 2716
 2717
 2721
 2722
 2724
 2725
 2729
 2744
 2750
 2751
 2772
 2780
 2786
 2787
 2789
 2802
 2809
 2816
 2824
 2828
 2829
 2837
 2842
 2846
 2849
 2851
 2854
 2857
 2866
 2867
 2869
 2876
 2880
 2885
 2888
 2896
 2900
 2905
 2906
 2920
 2922
 2931
 2932
 2943
 2946
 2949
 2951
 2960
 2971
 2978
 2981
 2983
 2985
 2998


