# Created by Octave 4.0.0, Tue Dec 27 23:25:52 2016 EST <jeremy@jeremy-Inspiron-13-7378>
# name: data_index
# type: matrix
# rows: 1000
# columns: 3
 435 97 977
 273 986 110
 127 330 664
 1006 697 667
 308 536 864
 659 1230 113
 569 1003 862
 48 745 378
 698 849 952
 425 1674 1036
 117 1199 554
 897 389 196
 906 519 193
 703 743 744
 598 487 9
 178 751 514
 409 867 680
 1032 1354 569
 1069 1194 834
 520 1179 814
 550 44 383
 118 520 74
 646 1046 674
 555 1002 979
 54 964 80
 504 763 366
 357 99 181
 208 1503 155
 517 250 382
 379 1119 57
 712 1463 503
 1051 397 701
 453 1421 728
 298 1138 694
 837 1495 879
 291 32 604
 176 420 127
 924 40 712
 1000 1394 1019
 592 642 1054
 311 620 140
 1043 1294 52
 922 1091 229
 313 76 264
 904 1155 277
 571 1236 138
 513 284 1058
 782 1302 1041
 518 111 359
 521 614 558
 294 1053 747
 1028 1227 17
 10 591 6
 80 651 81
 169 1263 707
 578 126 212
 120 1032 375
 927 1595 876
 380 107 574
 442 257 583
 429 1042 460
 1030 1193 836
 282 9 387
 1034 194 34
 416 1078 406
 337 975 869
 1019 411 120
 191 387 393
 1065 1160 443
 1035 674 154
 225 1153 634
 33 1183 134
 307 1266 710
 683 526 739
 1011 1338 740
 586 794 280
 183 976 119
 418 938 177
 798 321 294
 1075 1291 575
 76 655 210
 771 1041 1
 561 1378 586
 104 775 760
 1020 727 994
 358 183 856
 862 1620 445
 543 1318 501
 787 946 1024
 466 993 738
 603 395 715
 478 765 201
 529 1614 67
 1056 1101 335
 129 566 1033
 559 543 746
 804 1457 18
 402 479 611
 742 545 446
 757 641 818
 166 931 233
 99 1600 19
 629 919 901
 614 1106 673
 700 281 649
 93 340 598
 223 491 220
 2 825 590
 975 67 921
 320 1312 61
 585 1521 290
 1029 503 230
 3 1175 326
 367 138 705
 758 1696 957
 1038 162 289
 859 731 360
 56 1442 508
 144 623 885
 57 1443 203
 369 710 356
 656 1518 754
 451 1610 489
 745 77 861
 247 508 261
 948 255 310
 511 336 98
 71 58 63
 391 1568 976
 848 887 1039
 198 681 997
 1062 965 996
 979 818 384
 790 974 587
 419 47 467
 762 1657 904
 910 1171 269
 19 619 844
 154 539 211
 366 1241 388
 994 154 539
 340 1715 197
 172 1161 697
 374 1619 650
 978 480 47
 79 1527 601
 187 839 936
 350 1310 953
 538 172 137
 237 1009 311
 534 814 68
 441 1376 928
 124 1176 572
 400 660 555
 611 391 846
 509 121 318
 146 408 109
 462 304 909
 720 583 742
 51 177 1052
 156 1172 527
 842 461 1027
 436 158 455
 319 1458 340
 4 801 424
 331 753 241
 188 1075 980
 259 36 845
 141 632 573
 23 1011 720
 740 1140 841
 351 51 26
 537 231 912
 856 939 733
 925 184 1016
 532 816 686
 362 1617 428
 414 1323 762
 370 333 659
 670 1675 1065
 769 1085 41
 355 1544 452
 381 445 835
 1059 1622 93
 321 845 476
 602 991 413
 783 987 390
 1025 1415 534
 892 414 292
 329 729 946
 849 524 76
 122 650 92
 6 1612 550
 454 1019 867
 39 813 156
 912 221 850
 274 1660 679
 857 1506 577
 201 657 1059
 346 1154 959
 361 1073 1020
 701 568 158
 360 179 32
 714 537 367
 1042 1082 123
 279 1249 329
 231 779 607
 556 698 923
 62 482 275
 175 1712 605
 826 1100 170
 221 1520 519
 750 744 889
 389 398 692
 681 792 538
 540 1232 643
 422 1440 546
 78 1344 4
 14 665 756
 610 882 78
 734 98 790
 907 1214 166
 277 580 721
 702 1701 914
 916 1382 192
 686 1109 561
 335 1298 333
 962 1641 782
 655 1307 863
 746 595 116
 938 213 930
 1002 41 323
 65 270 954
 872 230 636
 1018 1698 1055
 153 1697 111
 914 301 121
 328 554 911
 301 100 141
 469 1488 498
 322 714 200
 874 876 511
 662 1659 225
 303 277 801
 628 1074 372
 38 38 380
 431 957 510
 341 1110 525
 803 609 767
 26 1656 544
 737 1215 724
 727 1667 725
 1063 875 293
 165 534 425
 732 1597 33
 658 1435 330
 503 793 500
 971 1539 788
 364 19 840
 589 1237 417
 1 1596 217
 186 791 124
 876 444 178
 900 625 1013
 42 106 570
 814 1330 162
 964 1324 296
 249 430 1062
 697 1588 483
 285 1646 624
 444 955 136
 728 923 415
 111 1264 906
 887 675 974
 572 1372 495
 446 1608 262
 182 1139 978
 654 440 638
 356 195 1005
 482 346 951
 669 382 807
 1026 1012 490
 824 881 988
 843 326 8
 621 1289 947
 213 725 1001
 811 494 571
 891 1090 1048
 8 640 7
 968 362 651
 704 897 153
 476 680 537
 684 69 962
 390 705 244
 69 548 999
 406 95 129
 895 428 937
 850 780 620
 17 706 513
 440 1417 817
 967 1057 282
 239 1423 298
 608 1459 929
 533 342 362
 139 602 719
 204 433 10
 626 1088 285
 238 716 50
 730 1603 438
 161 261 815
 447 1410 795
 109 1448 887
 459 836 427
 1067 377 407
 473 1670 410
 81 1575 854
 1055 1231 227
 486 190 925
 228 1424 800
 164 673 185
 159 1654 481
 526 202 794
 399 427 918
 818 560 944
 199 935 995
 281 1093 833
 934 1255 629
 898 1522 254
 251 860 1060
 100 1068 799
 155 246 874
 759 371 242
 224 922 579
 20 241 38
 113 1489 533
 1041 764 595
 831 208 475
 1076 459 346
 786 496 322
 868 1061 859
 131 1609 486
 97 916 302
 189 1008 893
 123 1640 637
 260 1428 79
 415 3 305
 41 686 875
 501 1404 530
 265 829 778
 743 1534 246
 276 150 1049
 711 412 482
 882 1187 472
 143 1188 364
 410 700 479
 977 1210 240
 871 1027 576
 512 604 258
 1005 466 662
 508 168 743
 634 1664 85
 105 1211 377
 1060 658 1035
 588 31 249
 471 354 224
 645 756 171
 920 1275 386
 568 850 448
 615 124 810
 1045 899 621
 407 649 1006
 1052 215 521
 445 851 820
 961 888 160
 480 422 565
 649 934 95
 162 723 542
 359 125 1046
 388 4 1029
 257 1282 209
 946 1279 822
 344 870 399
 73 334 143
 855 216 450
 753 1045 992
 775 1406 968
 287 1710 31
 751 75 812
 582 511 870
 28 490 419
 1010 1399 677
 766 1615 958
 869 739 1011
 595 308 730
 37 275 191
 25 1240 1038
 770 119 791
 310 1071 1003
 951 1705 821
 510 1441 708
 506 1491 1034
 959 1004 1012
 806 381 890
 793 1126 517
 267 815 397
 258 1022 1014
 241 898 349
 947 1452 775
 524 43 905
 836 1437 300
 102 1301 247
 622 1450 641
 650 385 922
 580 733 59
 950 1256 635
 332 103 1004
 779 274 975
 63 902 435
 981 774 205
 347 1005 773
 217 1451 319
 296 701 718
 1081 726 796
 832 515 1021
 179 1393 691
 792 62 48
 326 20 1047
 958 1299 309
 799 1647 243
 500 848 1028
 297 1206 872
 713 249 135
 243 1234 871
 195 501 352
 1015 912 706
 667 778 202
 465 500 878
 880 1347 736
 808 992 685
 31 447 813
 394 157 1040
 132 468 848
 1007 307 616
 861 441 886
 514 549 497
 544 155 735
 528 1669 849
 244 358 902
 90 1326 117
 949 384 83
 604 350 440
 438 271 28
 493 906 2
 252 476 151
 1016 351 461
 547 434 398
 756 502 829
 558 1366 776
 986 570 783
 648 495 165
 619 509 96
 138 1530 71
 956 1601 663
 66 1147 970
 749 1658 464
 84 262 430
 788 37 392
 206 952 474
 710 1113 102
 741 1432 512
 150 837 188
 168 1149 1008
 765 50 99
 624 1341 164
 167 683 808
 75 1545 347
 972 446 222
 717 164 631
 264 861 288
 644 637 967
 210 1525 295
 1036 1357 722
 653 302 267
 50 108 774
 548 399 118
 888 1156 789
 731 1627 256
 789 1315 49
 450 1186 456
 617 1054 183
 858 1663 345
 222 1152 303
 302 996 66
 1013 1439 317
 203 847 414
 905 363 187
 616 1239 43
 685 1280 122
 30 22 433
 174 279 173
 479 517 429
 923 599 545
 86 610 82
 671 932 114
 89 1476 658
 98 366 248
 665 1281 281
 376 596 917
 202 23 753
 349 1024 811
 327 269 838
 777 990 1064
 152 17 147
 542 448 787
 870 785 46
 829 936 132
 193 1059 72
 420 1607 681
 801 198 695
 791 14 3
 631 617 167
 494 291 494
 77 1340 749
 448 1546 851
 865 1284 653
 49 834 381
 675 367 560
 58 1168 966
 780 803 391
 1073 94 371
 209 1436 453
 566 963 670
 375 917 263
 815 728 592
 408 1025 152
 345 197 955
 236 1481 454
 232 348 926
 245 407 365
 853 473 963
 457 369 355
 597 1431 426
 893 268 328
 554 156 478
 474 207 221
 485 30 603
 405 1554 214
 496 578 837
 707 1589 219
 747 423 316
 996 1650 496
 60 879 880
 966 1014 125
 1079 1112 94
 53 290 228
 125 1398 985
 590 456 654
 574 1118 559
 773 603 515
 489 589 613
 796 1314 1022
 382 1316 411
 921 1173 622
 1040 516 22
 35 1353 84
 468 1633 128
 472 1447 647
 668 288 797
 270 835 1045
 764 1031 897
 246 1473 614
 456 942 1050
 424 211 146
 398 892 235
 184 1243 260
 840 1317 423
 819 1313 709
 699 237 163
 368 134 451
 688 1385 591
 531 998 53
 392 877 213
 640 1541 699
 85 1238 535
 34 335 1026
 61 1163 291
 822 1094 252
 234 359 100
 633 1127 568
 772 1361 610
 926 498 480
